$ANSIBLE_VAULT;1.1;AES256
38613962326339326265363333383631656132656565633932613761383761643361623063353464
3934383661366433613764343865366531613932363361390a383563663833653437393365346362
34623639303661313036383530313966626266333665613239333765653161633666363933626661
6662383638363730350a353832643664653235373633636132346563343765323535633933643963
61636266636539396234323466323133386661653638323365303538643164393133366430353437
61626164653261353161353661636130333866376433303362373236303736376239326530643063
30663365376138353536326561633364653730616563646533373135306231363335336634326137
39306334326136303639643431376438666133613766626431393934643163646237373162346433
38333566646464636230666633343265303366383032393030333830353065633633666363336133
38386138633730623433623037323733303566316336323861633465363864616631623935663839
66386336376533343534366462396336376438646339316331656332313063313530306539353166
33333736656262303861633533306361396535353834383136326539636633643031616466393436
6137
